2
2
2
2
3
2
2
2
10
2
4
3
2
4
2
2
2
2
2
2
2
2
2
21
2
2
3
2
2
5
2
3
2
2
2
2
2
2
2
3
2
2
2
2
2
2
2
2
2
3
3
2
3
2
2
2
26
3
4
2
2
2
2
2
2
2
3
6
2
2
2
2
3
2
2
2
3
2
2
2
11
2
2
2
2
2
2
2
2
2
2
2
2
2
2
2
4
2
2
7
2
2
2
2
2
3
3
2
2
2
2
2
3
5
2
2
2
4
2
2
2
46
2
2
2
2
3
2
4
2
2
4
2
2
3
2
2
2
9
8
3
7
4
3
5
2
3
6
5
3
5
4
4
2
3
2
3
2
2
2
3
3
2
2
2
2
3
3
2
2
2
2
2
2
2
4
4
2
4
3
2
2
2
2
3
2
2
2
2
2
2
2
6
2
2
2
2
2
2
6
2
3
2
3
2
2
2
2
2
3
2
3
17
2
2
2
2
2
2
3
2
3
2
2
2
3
2
2
2
2
2
3
2
2
2
2
2
3
2
3
3
2
2
2
4
4
2
2
4
3
2
2
2
2
2
2
3
2
2
2
2
2
2
2
6
2
2
2
2
2
11
2
2
2
2
2
3
2
5
47835
2
2
