1 402 400 469 28592 7553 14981 3935 7825 9878 3641 944 262 468 401 2 684 569 530 185
2 3641 944 3539 6592 14827 15583 5940 402 434 138894 66103 400 262 468 1 469 401 684 569 530 185
6 3984 8568 18504 21815 134 5316 11274 25295 5007 187 472 3886 78105 819 6079 34893 3486 54315 686 51746 6371 13173 20124 3681 3887 3940 13407 146 49 248 391 120 2133 2875 3593 6593 216 116575 99830 219592 315 186989 35288 6623 11616 25297 700 4653 4654 181432 29089 72086 92432 80576 59225 67444 30136 689 50141 3336 726 53849 19446 15935 7390
8 6309 5892 32115 140358 2843 6148 5719 5720 5721 5722 5723 5724 5725 5726 5727 5728 5729 5730 5731 5732 5733 5734 5735 5736 5737 5738 5739 5740 5741 5742 5743 683 32620 12485 18065 59998 88848 87186 1999
9 219 4464 3283 14474 81596 59440 7956 31796 11026 3257 2061 2949 2126 11599 355 19782 357 19787 4317 353 18820 2950 628 62 5898 126274 56839 47878 43916 7638 7368 45647 16634 26685 4701 4700 3610 3927
12 2998 7426 2035 33454 78411 20283 62935 13700 3276 19373 703 25359 20185 234100 36603 20189 20187 20542 35049 20225 11582 5185 5259 20281 142349 122987 473 20184 20182 19171 19169
13 18592 10034 9821 9923 7863 3047 14844 110 112 2957 29010 4076 219837 27592 105014 219828 10321 6752 7692 13384 182558 13226 10277 39 38415 13938 13925 9501
14 19841 104 3838 5012 219589 88690 18827 2041 52302 15324 31817 6371 16318 8467 13183 14223 19058 45791 6644 2971 18537 219587 7470 3964 8905 3959 1999 52776 38049 62015 18202 3486 55693 305 3462 3516 219828 90833 8428 10095 3965 9460 9586 425 20124 21084 127810 139150 4700 391 121 19840 19278 9843
17 66707 93340 144869 9848 183009 587 7110 927 130969 20057 120804 908 2957 34185 178466 9266 517 516 16298 9868 9118 7640 4822 8199 48828 17365 237188 2975 28352 9233 7443 77640 9881 3964 66540
18 7751 710 4646 19532 15908 13746 178165 291 219828 219587 4718 29185 41294
19 11502 280 47140 7947 49718 628 443 6068 21979 646 80809 10288 11125 11424 66827 20235 72368 56763 9089 58904 31600 1942 4368 26175 6193 2860 14629 7615 64543 248 14168 11234 9340 5429 2113 479 13253 20839 7638 7117 15861 8538 50497 27904 38298 3515 50498 49029 31977 107489 33730 4874 64212 23713 3990 4379 454 15935 7390 30 80 19450
21 528 467 22 733 482 56430 56416 66498 13256 146289 13217 9501 12364 700 2816 193867 21442
22 467 21 528 30452 12655 16872 280 13407 6640
27 140053 3328 3609 533 39069 4898 2843 4037 7950 296 7647 6369 1968 4742 144 4743 3926 592 312 15865 3616 3309 3447 3505 134581 21697 78362 8377 479 2140 43403 10868 4003 6222 19073 20964 121 12161 1975 1978 117 5072 2037 2032 62 628 17365 28439 32910 28061 3437 58278 342 105 37505 4549 31668 4073 43229 18812 36871 37521 7482 16520 37520 18440 38875 3966 4740 15037 15186 18439 11264 4025 14509 1970 294 121896 3334 6354 128229 19761 7510 896 44408 45935 246652 1932 124097 5138 121384 5153 30213 148157 43758 111609 116734 798 4075 426 65165 606 39461 32047 38877 4527 60432 17867 7224 15228 748 18429 699 89423 15324 5687 3762 29577 8580 58279 7568 58280 20368 71120 42851 41709 83073 151426 15935 7390 219 1942 1976 1994 216 557 1989 33298 156768 41829 30812 21323 10005 31598 31593 28929 26947 15905 10489 31313 15783 11465 5888 16295 29886 542 27481 29028 7864 31008 28369 332 27174 31372 10532 11198 10017 4648 31592 20561 6239 10487 15790 11471 8284 14712 18029 19285 219589 233998 9214 14726 12447 12210 11622 11218 3440 14546 18312 7476 21696 4100 19287 12338 8250 34325 5071 391 18021 20412 18322 19315 19632 5909 3528 15886 12332 12839 17751 15518 856 15643 94266 70119 70120 70123 70124 70125 70126 113092 22574 22387 22036 20611 20612 70121 70122 20484 19226 7394 15222 11615 21243 21312 18309 20545 70118 70127 25785 20609 71644 181803 7503
28 21596 2843 219587 83 7390 3615 362 889 391 8249 6432 3597 6592 27536
30 19 285 41154 21914 120 219589 4659
32 2843 20731 6592 748 362 5008 25169 23439 219587 6793 2899
33 653 753 11272 11265 4449 305 132011 16948
35 6592 21758 18603 5828 2875 67893 5431 102264 7636 20491 4069 30012 3984 5128 13804 426 20377
37 557 3596 1989 15218 4635 391 379 58278 64843 16625 219589 16559 4874 942 803 1994 3361 21609 63545 6013 18033 7079
