2
3
2
2
2
2
2
2
2
2
2
3
2
2
2
2
2
2
2
2
2
4
2
2
2
2
2
4
2
3
2
3
2
2
2
2
3
2
2
4
2
2
3
2
2
2
4
2
3
4
2
3
2
2
2
2
2
2
2
3
2
3
2
2
2
2
2
2
2
2
24
2
2
2
2
2
2
2
3
3
3
4
3
2
2
2
2
2
2
3
2
2
2
2
9
2
2
2
6
4
2
4
4
2
2
2
2
2
2
2
4
2
2
2
2
2
2
3
2
2
2
2
3
3
2
2
3
2
6
2
2
2
2
4
2
2
2
2
2
4
2
4
2
2
2
2
2
2
2
2
2
2
6
2
3
2
2
3
2
2
2
2
2
2
2
2
2
4
10
6
3
2
18
8
8
19
4
9
4
2
2
2
2
3
2
2
81
3
3
2
2
3
2
2
2
3
2
2
3
9
2
2
2
3
3
3
2
3
2
2
5
2
3
2
2
4
2
2
3
2
2
2
2
3
2
2
3
2
2
3
2
3
3
3
2
3
3
2
2
2
2
6
2
2
2
2
2
2
2
2
2
4
5
4
2
2
3
2
2
3
2
4
2
2
2
2
3
2
2
5
3
4
2
2
3
2
2
2
2
2
2
4
2
2
2
10
3
2
2
4
3
3
2
3
2
2
2
2
5
3
2
2
2
2
2
2
2
5
2
2
2
2
2
2
25
2
2
2
2
2
2
2
2
2
2
2
2
2
2
2
2
2
2
2
2
2
2
2
2
2
2
3
4
2
5
2
2
2
2
2
14
3
2
2
2
2
2
3
2
4
2
3
3
2
3
2
3
2
2
2
2
2
2
4
2
2
2
2
2
2
3
3
2
2
2
2
2
3
2
3
2
5
2
2
2
2
2
2
2
3
2
2
2
2
2
2
2
3
2
2
2
2
2
2
2
2
3
2
5
2
2
2
2
2
2
2
5
2
2
2
3
2
4
2
2
2
2
3
2
2
2
2
2
2
2
2
2
3
2
2
2
2
3
2
2
2
2
2
5
2
2
2
2
2
2
4
8
7
2
5
2
8
12
10
2
2
2
2
2
2
2
3
2
2
2
2
2
2
3
9
2
2
2
2
2
2
2
2
2
2
2
2
2
2
3
2
2
2
2
2
2
2
2
2
2
2
3
2
2
2
2
3
2
2
4
2
2
2
2
2
2
2
4
2
2
2
2
5
2
4
3
3
2
2
2
2
2
2
2
2
2
3
2
2
3
3
2
2
2
2
2
2
2
2
2
2
2
2
5
3
2
2
3
178691
2
3
2
3
3
3
3
2
3
2
3
3
3
2
