2
2
2
4
2
2
5
4
2
2
2
3
3
4
2
2
2
2
2
2
3
4
2
2
4
2
3
2
2
2
2
2
3
2
12
2
2
2
3
2
2
2
2
28
2
2
2
2
2
2
2
2
4
2
2
2
2
2
2
2
2
2
2
2
3
2
2
3
2
2
2
2
2
3
5
3
2
3
3
4
2
2
2
2
2
2
2
2
2
2
2
2
3
16
5
2
7
3
3
3
2
3
2
4
3
2
2
2
9
2
2
2
3
2
3
2
2
2
2
2
2
2
2
2
3
2
2
2
2
3
2
2
2
3
2
2
3
2
2
2
2
2
2
2
3
2
2
3
2
2
2
4
2
2
2
2
2
3
2
2
2
2
3
2
2
2
2
7
2
2
2
2
2
2
2
2
4
2
2
2
2
2
2
2
2
4
2
2
2
3
2
2
2
4
2
2
2
2
2
2
2
2
2
4
2
2
2
2
2
3
2
2
2
2
5
2
2
2
3
2
2
2
2
2
10
2
2
2
2
2
2
2
2
2
2
3
2
2
2
14
3
2
2
2
3
3
7
147
2
16
2
2
2
3
2
2
3
2
2
2
2
38
2
2
2
2
2
2
2
2
2
2
3
2
5
3
2
3
2
2
4
4
5
2
2
2
2
2
3
2
3
2
2
4
2
2
2
3
2
2
2
2
2
3
2
5
2
3
4
2
6
2
2
2
2
2
2
2
2
2
2
2
2
2
2
2
3
2
2
2
3
3
3
2
3
2
2
2
2
2
2
3
2
2
2
7
2
49
10
2
4
2
2
2
3
2
2
3
3
2
2
2
5
3
2
34319
2
2
2
3
4
3
2
6
3
2
4
2
2
11
3
2
2
2
3
2
2
2
3
2
3
